19222
06221567842
07261660
062213190
072611929216
06221884010
062216540263
07253825200
06223822278
062213190
072611929217
07215961209
0724891810
04069791715
09312501300
06221314633
070046746700
06221412481
0711925410
06221160563
0622125263
062213191532
06221882666
06221472135
062222341
06221412819
0622137030
062236060
06223488999
062215838390
062215838390
062215849000
062215837000
06221779188
062213881
0622178750
06221893700
06221149744
062213390030
062215849000
062215221257
062215825300
062215849000
08004050200
06221901037
06221160864
0622190100
0622133030
062215849000
0622133030
0622153750
06221901033
0622197830
06221160864
0622190100
0622133030
0622153750
06221720022
0622197830
06221182428
062215849000
062215849000
062232155
01726690500
062218901510
062215847980
062215220
0622230734229
01805016565
062215837000
062215837000
01040
062215849000
062215847980
0622152218664
01805093093
0622110004
0622133030
0622190100
0622153750
06221720022
062215220
06221600908
06221828170
06221400331
0622113110
062215849000
062215220
)45
062215838690
062215221368
06221436223
0622113110
062215837000
010
062215220
062215220
06221526520
06221537540
06221566331
06221700407
06221184290
06221161331
062215887474
06221600460
06221836418
06221302517
062216540201
07261339549
062213190
06202924422
0620165578
08001110111
0800111022250
06218200510
06221900510
062215240
072181070
0622189015105
06218200510
0621900510
06211591056
0622125263
06221160563
06221601064
0629442810
022029899811
022029899910
0644
02159815622
01805512512
062215838360
06221739210
01805093093
01805094094
062215849000
095633
030184410
030184411921
0117
030185270
030185271830
0168
062215240
06221524739
0622125263
01064
06221537540
06221537575
06221739210
062217392150
06221412481
062213190
062213191500
06221319150
0622133900
06221436223
06221566331
06221564320
0629442810
06294428179
09312501300
09312501303
0622133030
06221330333
06221900510
06221900540
06218200510
06218200520
062115910
022303
04069791715
06221720022
06221410159
08004050200
0876303
0724891810
07248918171
0190
0711925410
07119254144
0622190100
06221901060
06221901037
06221901033
0622153750
06221537575
06223822278
062232155
01726690500
06221600908
06221586768
036350403
01805016565
01805510700
0726119292
036037
070046746700
06221526520
06221526960
06221700407
0403603266124
06221828170
062218281720
072181070
07218107461
06221400331
069115
0622197830
06221978333
07215961209
07215961174
062216540263
062216540558
06221884010
069115
062215220
062215221477
0468069036
062215221257
062215221368
062215221866
062215229186
062215221284
0622230734229
062215220
06221893700
06221160864
01801302010
06221601461
0622178750
062213191532
06221149744
07253825200
062215838360
06221181918
06221182428
062215838330
062214379782
06221720022
06221437700
06221700555
06221334540
,06221804427
062215838360
062215838990
06221830421
06221804427
07261660
06221720101
06221785941
06221480686
06221418156
062214379299
062214379289
06221412577
06221410782
06221160563
062215837000
062215838900
05520
062215838900
062215847980
062215847980
062215838990
062218901510
062215825300
062215825390
0433311
01805093093
01805094094
069120
06221567842
0622113110
062213881
06221337522
06221601064
06221892448
06211768369
06229690298
0180509309389
06221183083
07261661962
0622121400
062215837391
07215961206
062216540221
06202924422
069121
062215025960
069120
06221567504
06221314633
06221183200
07219520613
07253825207
06221412056
06221184290
06221302517
06221836418
062235554
06221786054
072613395
06221160563
069168
062222341
06221880
06221884074
0552069045
062215818250
06221
06221
06221
06221
06221
06221
06221
06221
06221
06221
06221
06221
06221
06221
06221
06221
06221
06221
06221
06221
06221
06221
06221
06221
06221
06221
06221
06221
06221
06221
06221
06221
06221
06221
071213
06221
06221
06221
06221
06221
06221
06221
06221
06221
06221
06221
06221
06221
06221
06221
06221
06221
06221
06221
0160
0860372
06221
06221
06221
0151
08217
06221
06221
06221
06221
06221
06221
06221
06221
06221
06221
06221
02021
06221
06221
06221
06221
06221
06221
06221
06221
06221
06221
06221
06221
06221
06221
06221
06221
06221
06221
06221
06221
06221
06221
06221
06221
06221
06221
06221
06221
06221
06221
06221
06221
06221
06221
06221
06221
06221
06221
06221
06221
06221
06221
06221
06221
06221
06221
06221
06221
06221
06221
06221
06221
06221
06221
06221
06221
06221
06221
06221
06221
06221
06221
06221
06221
06221
06221
06221
06221
06221
06221
06221
06221
06221
06221
06221
06221
06221
06221
06221
06221
06221
06221
06221
06221
06221
06221
06221
06221
06221
06221
06221
06221
06221
06221
06221
06221
06221
06221
06221
06221
06221
06221
06221
06221
06221
06221
06221
06221
06221
0160
0174
06221
06221
06221
06221
06221
06221
06221
06221
06221
06221
06221
06221
06221
06221
06221
06221
06221
06221
06221
06221
06221
0151
0151
06221
06221
06221
06221
06221
06221
06221
06221
06221
06221
06221
06221
06221
06221
06221
06221
06221
06221
06221
06221
06221
06221
06221
06221
06221
06221
06221
06221
06221
06221
06221
06221
06221
06221
06221
06221
06221
06221
06221
06221
06221
06221
06221
06221
06221
06221
06221
06221
06221
06221
06221
06221
06221
06221
06221
06221
06221
06221
06221
06221
06221
06221
06221
06221
06221
06221
06221
047879
06221
06221
06221
06221
06221
06221
06221
06221
06221
06221
06221
06221
06221
06221
06221
06221
06221
06221
06221
06221
06221
06221
06221
06221
06221
06221
06221
06221
06221
06221
06221
06221
06221
06221
06221
06221
06221
06221
06221
06221
06221
06221
06221
06221
06221
06221
06221
06221
06221
06221
06221
0179
019269495
06221
06221
06221
0151
0151
06221
06221
06221
06221
06221
06221
06221
0179
01926
06221
06221
06221
01100101
06221
06221
06221
06221
06221
06221
02103
06221
06221
04105
06221
06221
06221
06221
06221
06107
06221
06221
08109
06221
06221
06221
06221
06221
06221
06221
06221
0111
06221
06221
06221
06221
06221
06221
06221
06221
06221
06221
06221
06221
06221
06221
06221
06221
06221
09410
0171
06221
06221
06221
0171
06221
06221
06221
0106221
06221
0171
06221
06221
06221
06221
06221
06221
05118119
06221
06221
06221
06221
06221
06221
06221
06221
06221
06221
06221
06221
0121
06221
06221
03122123
06221
06221
06221
06221
06221
06221
06221
06221
06221
06221
06221
06221
04126127
06221
06221
06221
06221
06221
06221
06221
06221
06221
06221
06221
06221
06221
06221
06221
06221
06221
06221
06221
090130131
013
0161
19292
110
112
567272
567161
181122
06221568966
06221568970
06221565734
